D C 364.0 -289.1 364.0 -289.1 1416.8 -466.9 1416.8 -466.9 1747.1 244.1 1747.1 244.1 1132.1 562.2 1132.1 562.2 540.3 589.7 540.3 589.7 900.9 1315.2 900.9 1315.2
D C 365.2 -290.0 365.2 -290.0 1417.5 -467.1 1417.5 -467.1 1744.4 243.7 1744.4 243.7 1131.6 562.0 1131.6 562.0 542.7 592.4 542.7 592.4 901.6 1316.3 901.6 1316.3
D C 365.2 -290.0 365.2 -290.0 1419.5 -467.8 1419.5 -467.8 1745.1 243.8 1745.1 243.8 1133.2 562.8 1133.2 562.8 543.4 593.1 543.4 593.1 903.8 1319.4 903.8 1319.4
D C 365.4 -290.2 365.4 -290.2 1418.1 -467.3 1418.1 -467.3 1741.3 243.3 1741.3 243.3 1131.7 562.0 1131.7 562.0 542.5 592.1 542.5 592.1 901.4 1315.9 901.4 1315.9
D C 364.2 -289.2 364.2 -289.2 1420.2 -468.0 1420.2 -468.0 1742.7 243.5 1742.7 243.5 1131.0 561.7 1131.0 561.7 539.0 588.3 539.0 588.3 902.3 1317.2 902.3 1317.2
D C 364.3 -289.3 364.3 -289.3 1414.9 -466.2 1414.9 -466.2 1744.5 243.7 1744.5 243.7 1132.2 562.3 1132.2 562.3 539.8 589.2 539.8 589.2 901.1 1315.5 901.1 1315.5
D C 363.8 -288.9 363.8 -288.9 1418.9 -467.5 1418.9 -467.5 1739.0 242.9 1739.0 242.9 1134.8 563.6 1134.8 563.6 541.5 591.0 541.5 591.0 901.6 1316.2 901.6 1316.2
D C 364.1 -289.1 364.1 -289.1 1418.2 -467.3 1418.2 -467.3 1741.2 243.3 1741.2 243.3 1134.5 563.4 1134.5 563.4 542.7 592.3 542.7 592.3 901.6 1316.3 901.6 1316.3
D C 364.3 -289.3 364.3 -289.3 1417.1 -467.0 1417.1 -467.0 1743.4 243.6 1743.4 243.6 1132.5 566.8 1132.5 566.8 541.6 591.1 541.6 591.1 902.1 1317.0 902.1 1317.0
D C 364.9 -289.8 364.9 -289.8 1416.9 -462.1 1416.9 -462.1 1742.4 243.4 1742.4 243.4 1132.3 562.3 1132.3 562.3 541.3 590.8 541.3 590.8 901.6 1316.3 901.6 1316.3
D C 363.3 -288.5 363.3 -288.5 1419.0 -467.6 1419.0 -467.6 1743.0 243.5 1743.0 243.5 1134.9 563.6 1134.9 563.6 541.5 591.1 541.5 591.1 902.8 1318.1 902.8 1318.1
D C 363.9 -289.0 363.9 -289.0 1417.4 -467.1 1417.4 -467.1 1747.6 244.1 1747.6 244.1 1134.5 563.4 1134.5 563.4 540.7 590.2 540.7 590.2 901.4 1316.0
D C 364.2 -289.2 364.2 -289.2 1423.0 -468.9 1423.0 -468.9 1744.6 243.7 1744.6 243.7 1132.8 562.6 1132.8 562.6 541.0 594.1 541.0 594.1 901.8 1316.5 901.8 1316.5
D C 364.5 -289.4 364.5 -289.4 1416.2 -466.7 1416.2 -466.7 1744.4 243.7 1744.4 243.7 1131.2 566.1 1131.2 566.1 541.3 590.8 541.3 590.8 901.3 1315.8 901.3 1315.8
D C 352.8 -289.1 352.8 -289.1 1402.4 -462.1 1402.4 -462.1 1718.8 245.5 1718.8 245.5 1077.0 547.3 1077.0 547.3 520.3 592.9 520.3 592.9 883.3 1324.1 883.3 1324.1
D C 313.5 -289.0 313.5 -289.0 1363.9 -468.1 1363.9 -468.1 1690.1 236.1 1690.1 236.1 1051.9 546.8 1051.9 546.8 490.8 591.5 490.8 591.5 852.0 1320.7 852.0 1320.7
D C 278.9 -283.6 278.9 -283.6 1322.8 -458.5 1322.8 -458.5 1647.4 240.5 1647.4 240.5 1003.0 545.0 1003.0 545.0 447.3 585.1 447.3 585.1 447.3 585.1 447.3 585.1
D C 262.4 -283.8 262.4 -283.8 1277.1 -451.5 1277.1 -451.5 1626.7 237.4 1626.7 237.4 988.5 541.1 988.5 541.1 434.3 582.8 434.3 582.8 434.3 582.8 434.3 582.8
D C 216.2 -278.4 216.2 -278.4 1236.9 -450.1 1236.9 -450.1 1566.6 243.4 1566.6 243.4 937.7 543.6 937.7 543.6 381.4 587.2 381.4 587.2 381.4 587.2 381.4 587.2
D C 187.6 -280.4 187.6 -280.4 1197.0 -443.9 1197.0 -443.9 1536.9 238.8 1536.9 238.8 907.6 541.1 907.6 541.1 350.4 589.8 350.4 589.8
D C 155.6 -278.2 155.6 -278.2 1172.5 -447.2 1172.5 -447.2 1507.0 238.9 1507.0 238.9 875.6 544.2 875.6 544.2 320.7 592.2 320.7 592.2
D C 125.5 -277.9 125.5 -277.9 1136.9 -445.6 1136.9 -445.6 1471.2 242.5 1471.2 242.5 836.4 545.1 836.4 545.1 282.3 593.3 282.3 593.3
D C 112.4 -278.0 112.4 -278.0 1120.5 -443.2 1120.5 -443.2 1445.1 247.3 1445.1 247.3 820.1 548.9 820.1 548.9 266.3 597.1 266.3 597.1
D C 67.2 -278.1 67.2 -278.1 1067.0 -441.0 1067.0 -441.0 1400.7 244.1 1400.7 244.1 773.4 545.5 773.4 545.5 216.8 601.5 216.8 601.5
D C 1028.2 -439.8 1028.2 -439.8 1367.3 242.6 1367.3 242.6 744.9 542.8 744.9 542.8 186.0 595.2 186.0 595.2
D C 1001.3 -439.3 1001.3 -439.3 1328.8 248.4 1328.8 248.4 700.5 544.1 700.5 544.1 147.9 600.1 147.9 600.1
D C 960.3 -439.0 960.3 -439.0 1296.5 246.5 1296.5 246.5 671.1 544.8 671.1 544.8 479.4 1317.3 479.4 1317.3 113.8 603.7 113.8 603.7
D C -48.5 -285.8 925.2 -426.4 925.2 -426.4 1266.8 248.9 1266.8 248.9 633.6 544.0 633.6 544.0 443.2 1317.9 443.2 1317.9 83.4 603.9
D C -79.6 -288.5 -79.6 -288.5 896.7 -430.0 896.7 -430.0 1225.1 248.6 1225.1 248.6 604.3 545.2 604.3 545.2 412.4 1319.4 412.4 1319.4 49.9 606.8 49.9 606.8
D C 851.0 -434.1 851.0 -434.1 1176.0 249.9 1176.0 249.9 553.0 540.4 553.0 540.4 363.7 1317.9 363.7 1317.9 -2.3 609.6 -2.3 609.6
D C 838.4 -434.2 838.4 -434.2 1153.1 252.4 1153.1 252.4 537.5 545.0 537.5 545.0 347.6 1322.8 347.6 1322.8 -19.2 611.0 -19.2 611.0
D C 809.5 -438.3 809.5 -438.3 1123.6 249.6 1123.6 249.6 508.7 541.7 508.7 541.7 322.0 1324.0 322.0 1324.0 -49.6 614.8 -49.6 614.8
D C 744.1 -423.8 744.1 -423.8 1073.9 252.4 1073.9 252.4 453.3 542.9 453.3 542.9 267.0 1326.4 267.0 1326.4 -103.0 613.0 -103.0 613.0
D C 727.7 -426.4 727.7 -426.4 1059.2 249.0 1059.2 249.0 440.9 541.4 440.9 541.4 252.6 1317.3 252.6 1317.3 -120.7 614.4 -120.7 614.4
D C 685.6 -427.5 685.6 -427.5 1010.7 250.7 1010.7 250.7 392.9 541.0 392.9 541.0 203.7 1324.3 203.7 1324.3 -165.8 619.6 -165.8 619.6
D C 664.1 -419.9 664.1 -419.9 992.9 252.8 992.9 252.8 377.4 543.7 377.4 543.7 186.6 1320.8 186.6 1320.8 -182.3 619.9 -182.3 619.9
D C 634.5 -420.5 634.5 -420.5 956.5 259.1 956.5 259.1 342.6 545.7 342.6 545.7 150.3 1327.1 150.3 1327.1
D C 600.2 -419.3 600.2 -419.3 926.5 257.2 926.5 257.2 315.4 546.0 315.4 546.0 121.6 1328.3 121.6 1328.3
D C 566.9 -419.8 566.9 -419.8 895.6 257.5 895.6 257.5 283.1 546.6 283.1 546.6 89.4 1337.7 89.4 1337.7
D C 520.4 -413.3 520.4 -413.3 850.1 267.1 850.1 267.1 234.7 553.3 234.7 553.3 31.7 1333.8 31.7 1333.8
D C 506.4 -417.6 506.4 -417.6 833.4 261.9 833.4 261.9 221.7 550.7 221.7 550.7 27.7 1337.3 27.7 1337.3
D C 477.0 -413.4 477.0 -413.4 801.8 262.8 801.8 262.8 188.3 548.6 188.3 548.6 -13.3 1338.8 -13.3 1338.8
D C 442.6 -415.7 442.6 -415.7 769.4 262.7 769.4 262.7 159.6 551.8 159.6 551.8 -38.3 1350.2 -38.3 1350.2
D C 411.6 -413.5 411.6 -413.5 734.0 263.2 734.0 263.2 125.7 553.5 125.7 553.5 -79.5 1344.9 -79.5 1344.9
D C 395.4 -414.7 395.4 -414.7 719.9 265.7 719.9 265.7 111.6 554.4 111.6 554.4 -96.0 1343.9 -96.0 1343.9
D C 350.1 -415.4 350.1 -415.4 670.9 268.9 670.9 268.9 64.8 556.7 64.8 556.7 -146.2 1347.2 -146.2 1347.2
D C 321.1 -418.7 321.1 -418.7 641.3 268.5 33.7 555.0 33.7 555.0 -176.7 1355.9 -176.7 1355.9
D C 291.2 -418.3 291.2 -418.3 612.7 272.1 612.7 272.1 3.0 559.6 3.0 559.6 -205.5 1349.8 -205.5 1349.8
D C 258.7 -422.0 258.7 -422.0 580.6 273.0 580.6 273.0 -28.0 561.7 -28.0 561.7 -28.0 561.7 -28.0 561.7
D C 213.5 -420.1 213.5 -420.1 535.0 273.9 535.0 273.9 -75.1 562.6 -75.1 562.6 -75.1 562.6 -75.1 562.6
D C 199.6 -418.0 199.6 -418.0 522.3 277.6 522.3 277.6 -93.6 568.1 -93.6 568.1
D C 155.2 -420.5 155.2 -420.5 472.2 281.6 472.2 281.6 -137.5 569.3 -137.5 569.3
D C 141.6 -418.9 141.6 -418.9 453.5 283.8 453.5 283.8 -153.7 574.1 -153.7 574.1
D C 109.5 -419.5 109.5 -419.5 424.4 284.1 424.4 284.1
D C 65.2 -419.5 65.2 -419.5 376.3 286.7 376.3 286.7
D C 48.8 -425.3 48.8 -425.3 357.0 289.8 357.0 289.8
D C 2.9 -423.5 2.9 -423.5 309.9 291.8 309.9 291.8
D C -12.8 -427.5 -12.8 -427.5 291.7 292.1 291.7 292.1
D C -40.4 -426.7 -40.4 -426.7 258.7 294.8 258.7 294.8
D C -88.0 -430.3 -88.0 -430.3 205.7 296.4 205.7 296.4
D C -103.7 -432.1 -103.7 -432.1 187.9 295.2 187.9 295.2
D C -148.0 -435.7 -148.0 -435.7 137.8 299.1 137.8 299.1
D C -167.1 -434.1 -167.1 -434.1 127.3 295.0 127.3 295.0
D C 112.4 279.1 112.4 279.1
D C 88.1 261.8 88.1 261.8 -511.4 1512.9 -511.4 1512.9
D C 79.4 256.6 79.4 256.6 -481.2 1514.9
D C 54.8 238.0 54.8 238.0 -380.8 1555.6 -380.8 1555.6
D C 44.7 233.3 44.7 233.3 -353.2 1567.6 -353.2 1567.6
D C 29.1 225.9 29.1 225.9 -272.1 1590.2
D C 12.8 221.4 12.8 221.4
D C -2.9 219.8 -2.9 219.8
D C -30.9 221.0 -30.9 221.0
D C
D C 127.4 1608.8 127.4 1608.8
D C 260.3 1594.2 260.3 1594.2
D C 315.8 1568.5 315.8 1568.5
D C 498.8 1498.2 498.8 1498.2 -70.8 911.7 -70.8 911.7
D C 551.9 1474.3 551.9 1474.3 -42.4 906.2 -42.4 906.2
D C 723.5 1366.1 723.5 1366.1 54.7 900.6 54.7 900.6 -66.0 1510.0 -66.0 1510.0
D C 826.3 1280.8 826.3 1280.8 111.0 883.0 111.0 883.0 111.0 883.0 111.0 883.0
D C 871.2 1231.0 871.2 1231.0 140.6 878.3 140.6 878.3 140.6 878.3 140.6 878.3
D C 996.2 1087.3 996.2 1087.3 224.1 842.3 224.1 842.3 224.1 842.3 224.1 842.3
D C 1038.9 1034.1 1038.9 1034.1 252.1 824.2 252.1 824.2 252.1 824.2 252.1 824.2
D C 1123.3 867.0 1123.3 867.0 324.9 779.2 324.9 779.2 324.9 779.2 324.9 779.2
D C 1175.2 755.6 1175.2 755.6 371.7 739.8 371.7 739.8
D C 1191.8 690.9 1191.8 690.9 391.7 718.2 391.7 718.2
D C 1233.8 494.5 1233.8 494.5 444.2 640.1 444.2 640.1
D C 1249.4 439.5 1249.4 439.5 461.1 618.7 461.1 618.7
D C 1256.5 230.9 1256.5 230.9 506.1 532.3 506.1 532.3
D C 1223.4 98.7 1223.4 98.7 524.2 470.0 524.2 470.0
D C 1210.2 38.0 1210.2 38.0 530.5 441.5 530.5 441.5 605.0 1586.4
D C 1157.3 -80.9 1157.3 -80.9 516.1 388.3 516.1 388.3 -224.0 1104.0 -224.0 1104.0
D C 1138.8 -107.8 1138.8 -107.8 506.4 376.2 506.4 376.2 -215.3 1113.5 -215.3 1113.5
D C 1079.2 -149.1 1079.2 -149.1 474.2 359.0 474.2 359.0 -231.7 1124.3 -231.7 1124.3
D C 1065.1 -153.8 460.9 358.0 460.9 358.0 -248.4 1118.4 -248.4 1118.4
D C 1016.5 -153.2 1016.5 -153.2 414.0 357.6 414.0 357.6 -300.0 1120.9 -300.0 1120.9
D C 984.8 -157.7 984.8 -157.7 383.0 354.1 383.0 354.1 623.6 1483.0 -323.1 1123.9 -323.1 1123.9
D C 969.9 -158.4 969.9 -158.4 364.9 356.6 364.9 356.6 602.5 1483.4 -336.6 1131.7 -336.6 1131.7
D C 920.7 -159.1 867.5 665.3 867.5 665.3 317.9 355.6 317.9 355.6 -391.0 1133.7
D C 887.3 -158.9 887.3 -158.9 830.8 661.8 830.8 661.8 285.6 355.1 285.6 355.1
D C 849.8 -160.3 849.8 -160.3 798.9 660.7 798.9 660.7 251.5 355.3 251.5 355.3
D C 817.8 -164.6 817.8 -164.6 767.4 654.8 767.4 654.8 221.3 357.3 221.3 357.3
D C 802.2 -169.2 802.2 -169.2 753.0 654.6 753.0 654.6 208.0 357.6 208.0 357.6
D C 759.9 -170.0 759.9 -170.0 703.0 658.1 703.0 658.1 157.2 358.3 157.2 358.3 157.2 358.3
D C 740.4 -170.5 740.4 -170.5 683.6 659.9 683.6 659.9 140.7 358.9 140.7 358.9 140.7 358.9
D C 694.5 -173.4 694.5 -173.4 633.8 662.6 633.8 662.6 95.9 360.6 95.9 360.6
D C 666.7 -173.0 666.7 -173.0 597.5 656.2 597.5 656.2 65.0 362.9 65.0 362.9
D C 648.4 -176.8 648.4 -176.8 585.3 654.8 585.3 654.8 49.0 363.0 49.0 363.0
D C 603.4 -178.5 603.4 -178.5 538.2 652.7 538.2 652.7 0.8 364.9 0.8 364.9
D C 569.3 -176.0 502.0 652.5 502.0 652.5 200.0 1480.9 -31.8 366.1 -31.8 366.1
D C 540.2 -178.0 540.2 -178.0 469.0 649.9 -63.6 365.1 -63.6 365.1
D C 494.4 -213.3 494.4 -213.3 475.5 622.0 475.5 622.0 -71.0 367.1 -71.0 367.1
D C 466.2 -234.2 479.5 607.6 479.5 607.6 -75.9 368.1 -75.9 368.1
D C 383.0 -302.3 383.0 -302.3 515.2 528.8 515.2 528.8 427.5 1397.6 -67.7 368.4 -67.7 368.4
D C 290.8 -358.3 290.8 -358.3 543.8 444.1 543.8 444.1 584.1 1320.5 -57.9 372.7 -57.9 372.7 -57.9 372.7 -57.9 372.7
D C 256.6 -380.9 256.6 -380.9 548.5 412.7 548.5 412.7 626.5 1276.1 -53.3 373.1 -53.3 373.1
D C 186.6 -403.3 186.6 -403.3 557.9 356.3 557.9 356.3 -46.4 373.5 -46.4 373.5
D C 119.4 -425.1 119.4 -425.1 561.1 298.2 561.1 298.2 795.4 1123.9 795.4 1123.9 -40.7 374.6 -40.7 374.6
D C 43.9 -442.5 559.2 236.2 559.2 236.2 883.1 1038.2 -33.6 373.2 -33.6 373.2
D C 7.2 -446.5 7.2 -446.5 557.4 205.7 557.4 205.7 -30.2 374.1 -30.2 374.1
D C -105.7 -452.8 -105.7 -452.8 535.1 118.9 535.1 118.9 1002.6 844.9 199.5 1412.2 199.5 1412.2 -19.9 374.9 -19.9 374.9
D C -179.3 -445.4 -179.3 -445.4 513.2 54.1 513.2 54.1 1058.2 722.4 1058.2 722.4 328.4 1387.6 328.4 1387.6 -8.2 369.2 -8.2 369.2 -316.5 965.6 -316.5 965.6
D C 489.2 -20.7 489.2 -20.7 1120.1 573.5 1120.1 573.5 478.6 1327.8 478.6 1327.8 14.2 361.8 14.2 361.8 -218.0 995.8 -218.0 995.8
D C 455.8 -84.5 455.8 -84.5 1156.5 422.8 1156.5 422.8 618.1 1249.4 618.1 1249.4 34.4 352.3 34.4 352.3 34.4 352.3 34.4 352.3
D C 389.3 -179.4 389.3 -179.4 389.3 -179.4 796.5 1096.6 796.5 1096.6 59.8 334.1 59.8 334.1 59.8 334.1 59.8 334.1
D C 361.0 -205.6 361.0 -205.6 1171.9 109.1 1171.9 109.1 854.0 1048.7 854.0 1048.7 67.9 327.1 67.9 327.1
D C 298.4 -258.6 298.4 -258.6 1141.8 -51.7 1141.8 -51.7 964.5 919.7 964.5 919.7 81.4 309.6 81.4 309.6
D C 230.0 -298.0 230.0 -298.0 1094.7 -199.5 1094.7 -199.5 1042.2 784.2 1042.2 784.2 92.0 291.2 92.0 291.2
D C 159.1 -330.5 159.1 -330.5 1027.3 -349.0 1027.3 -349.0 1111.9 640.1 1111.9 640.1 101.2 272.9 101.2 272.9
D C 125.2 -345.9 125.2 -345.9 991.1 -416.8 991.1 -416.8 1132.2 562.3 1132.2 562.3 104.4 264.1 104.4 264.1
D C 19.8 -374.5 19.8 -374.5 869.2 -599.3 869.2 -599.3 1188.6 349.6 1188.6 349.6 112.4 238.0 112.4 238.0
D C -51.3 -379.5 -51.3 -379.5 772.8 -673.9 1167.9 237.0 1167.9 237.0 100.7 227.7 100.7 227.7
D C -107.5 -380.4 -107.5 -380.4 708.2 -707.2 708.2 -707.2 1138.5 191.2 1138.5 191.2 562.6 695.2 562.6 695.2 70.2 222.2 70.2 222.2
D C 637.2 -724.0 637.2 -724.0 1106.7 144.2 1106.7 144.2 552.1 678.0 552.1 678.0 42.8 219.6 42.8 219.6
D C 583.5 -727.9 1060.1 141.5 1060.1 141.5 509.5 679.3 509.5 679.3 -5.0 223.4 -5.0 223.4
D C 566.2 -724.4 566.2 -724.4 1030.9 140.8 1030.9 140.8 490.2 674.9 490.2 674.9 -21.1 226.3 -21.1 226.3
D C 537.9 -728.8 537.9 -728.8 995.5 142.2 995.5 142.2 454.0 680.6 454.0 680.6
D C 500.6 -723.8 500.6 -723.8 962.1 140.4 962.1 140.4 425.9 678.3 425.9 678.3
D C 471.7 -723.8 930.1 141.6 930.1 141.6 392.0 683.4 392.0 683.4
D C 439.5 -727.0 439.5 -727.0 897.2 139.4 897.2 139.4 367.8 684.4 367.8 684.4
D C 408.4 -730.1 408.4 -730.1 864.3 142.5 864.3 142.5 329.5 687.1 329.5 687.1
D C 361.9 -723.1 361.9 -723.1 815.3 147.2 815.3 147.2 280.9 691.6 280.9 691.6
D C 345.9 -724.1 795.2 143.6 795.2 143.6 267.7 689.3 267.7 689.3
D C 311.8 -725.9 760.3 144.6 760.3 144.6 235.6 693.3 235.6 693.3
D C 262.7 -725.5 262.7 -725.5 709.8 141.7 709.8 141.7 186.2 691.2 186.2 691.2
D C 247.3 -724.2 694.7 143.2 694.7 143.2 168.5 692.7 168.5 692.7
D C 199.1 -726.0 645.9 143.5 645.9 143.5 120.4 697.0 120.4 697.0
D C 628.3 145.6 628.3 145.6 105.5 699.8 105.5 699.8
D C 151.5 -723.7 596.0 143.9 596.0 143.9 77.2 701.3 77.2 701.3
D C 550.2 147.3 550.2 147.3 27.7 706.2 27.7 706.2
D C 93.1 -731.8 533.5 144.6 533.5 144.6 8.1 704.5 8.1 704.5
D C -19.7 -731.4 -19.7 -731.4 501.2 84.2 501.2 84.2 48.8 697.5 48.8 697.5
D C -71.9 -735.8 -71.9 -735.8 489.3 50.1 489.3 50.1 82.9 694.1 82.9 694.1
D C -203.7 -720.9 471.3 -33.0 471.3 -33.0 166.5 666.7 166.5 666.7
D C -327.9 -689.1 440.2 -102.8 440.2 -102.8 238.4 636.8 238.4 636.8
D C 395.7 -177.9 395.7 -177.9 315.2 586.5 315.2 586.5
D C 305.1 -272.7 305.1 -272.7 409.4 490.3 409.4 490.3
D C 272.4 -300.1 272.4 -300.1 434.6 454.3 434.6 454.3
D C 196.7 -344.2 196.7 -344.2 478.6 374.0 478.6 374.0 -137.6 638.0 -137.6 638.0
D C 120.6 -375.6 120.6 -375.6 510.3 293.7 510.3 293.7 -57.8 642.7 -57.8 642.7
D C 43.3 -398.6 43.3 -398.6 527.2 211.3 527.2 211.3 11.4 644.0 11.4 644.0
D C -81.0 -408.8 -81.0 -408.8 527.9 75.4 527.9 75.4 124.2 616.9 124.2 616.9
D C -118.3 -404.5 -118.3 -404.5 518.9 37.1 518.9 37.1 156.2 601.8 156.2 601.8 -298.6 992.7 -298.6 992.7
D C 483.9 -82.1 483.9 -82.1 252.3 551.9 252.3 551.9 -111.6 1028.0 -111.6 1028.0
D C 463.4 -130.9 463.4 -130.9 286.7 521.7 286.7 521.7 -41.8 1028.7 -41.8 1028.7
D C 417.1 -201.6 417.1 -201.6 334.1 472.0 334.1 472.0 80.5 1017.0 80.5 1017.0
D C 339.7 -283.6 339.7 -283.6 372.4 401.5 372.4 401.5 198.8 987.4 198.8 987.4
D C 318.3 -282.8 318.3 -282.8 354.8 401.9 354.8 401.9 188.8 984.7 188.8 984.7
D C 239.7 -306.7 239.7 -306.7 995.4 833.6 327.8 373.6 327.8 373.6 201.7 970.9 201.7 970.9
D C 213.6 -310.8 213.6 -310.8 982.4 822.8 982.4 822.8 315.7 371.1 315.7 371.1 189.2 970.7 189.2 970.7
D C 178.3 -307.6 178.3 -307.6 955.2 820.1 955.2 820.1 287.3 373.5 287.3 373.5 161.4 970.0 161.4 970.0
D C 128.2 -303.5 128.2 -303.5 910.5 821.4 910.5 821.4 236.9 374.8 236.9 374.8 110.0 971.5 110.0 971.5
D C 112.9 -303.0 112.9 -303.0 900.2 827.3 900.2 827.3 223.6 376.2 223.6 376.2 97.9 971.3 97.9 971.3
D C 65.2 -311.6 65.2 -311.6 843.9 819.7 843.9 819.7 175.7 375.3 175.7 375.3 47.1 974.3 47.1 974.3
D C 32.1 -313.7 32.1 -313.7 807.6 818.8 143.9 377.4 143.9 377.4 14.1 969.6 14.1 969.6
D C 18.6 -314.6 18.6 -314.6 791.7 817.6 791.7 817.6 127.7 379.8 127.7 379.8 -0.7 969.9 -0.7 969.9
D C -33.6 -323.2 -33.6 -323.2 743.5 816.5 743.5 816.5 76.7 375.1 76.7 375.1 -54.4 971.5 -54.4 971.5
D C -48.6 -322.6 -48.6 -322.6 727.3 813.7 727.3 813.7 63.8 376.5 63.8 376.5 -66.5 973.5 -66.5 973.5
D C -113.3 -326.9 -113.3 -326.9 730.9 768.9 730.9 768.9 38.3 368.8 38.3 368.8 38.3 368.8 38.3 368.8
D C 740.9 715.1 30.8 360.7 30.8 360.7 30.8 360.7 30.8 360.7
D C 753.6 659.1 753.6 659.1 22.5 352.4 22.5 352.4
D C 762.4 611.1 762.4 611.1 14.8 350.0 14.8 350.0
D C 760.7 583.4 760.7 583.4 8.3 348.2 8.3 348.2
D C 771.8 506.3 771.8 506.3 -3.4 342.5 -3.4 342.5
D C 768.3 474.2 -5.5 341.2 -5.5 341.2
D C 762.0 390.2 762.0 390.2 154.3 927.2 154.3 927.2 -22.0 337.3 -22.0 337.3
D C 761.1 338.1 761.1 338.1 183.1 909.7 183.1 909.7 -29.4 337.9 -29.4 337.9
D C 759.5 288.3 759.5 288.3 223.4 894.6 223.4 894.6 -23.9 334.9 -23.9 334.9
D C 757.9 170.8 306.0 849.1 306.0 849.1 -18.5 330.8
D C 738.1 96.2 738.1 96.2 350.2 818.6 350.2 818.6 -19.3 326.0 -19.3 326.0
D C 717.1 24.7 717.1 24.7 395.7 775.7 395.7 775.7 -17.1 322.0 -17.1 322.0
D C 686.9 -50.2 686.9 -50.2 431.1 730.7 431.1 730.7 -15.9 318.5 -15.9 318.5
D C 673.2 -80.4 673.2 -80.4 448.5 709.4 448.5 709.4 -16.9 318.4 -16.9 318.4
D C 610.0 -188.6 506.4 625.8 506.4 625.8 -13.6 310.8 -13.6 310.8
D C 565.1 -254.1 532.5 577.6 532.5 577.6 283.4 1407.9 -13.5 307.6 -13.5 307.6
D C 513.4 -282.0 513.4 -282.0 520.2 547.2 520.2 547.2 -34.8 302.9 -34.8 302.9
D C 462.2 -314.5 515.6 519.5 515.6 519.5 -54.8 303.2 -54.8 303.2
D C 438.2 -326.6 438.2 -326.6 507.2 511.1 507.2 511.1 348.5 1360.1
D C 382.7 -331.7 382.7 -331.7 459.7 504.8 459.7 504.8
D C 365.4 -330.7 365.4 -330.7 441.7 509.6 441.7 509.6 288.2 1366.4
D C 313.1 -330.4 391.2 508.5 391.2 508.5 239.0 1359.0 239.0 1359.0
D C 280.3 -334.7 280.3 -334.7 359.6 508.1 359.6 508.1 214.1 1363.9 214.1 1363.9
D C 264.1 -333.7 264.1 -333.7 343.7 511.8 343.7 511.8 193.1 1366.3
D C 211.5 -335.7 211.5 -335.7 293.4 511.5 293.4 511.5 293.4 511.5 293.4 511.5
D C 161.6 -333.1 161.6 -333.1 240.4 513.4 240.4 513.4 240.4 513.4 240.4 513.4
D C 143.2 -333.3 143.2 -333.3 223.0 517.0 223.0 517.0 223.0 517.0 223.0 517.0
D C 108.7 -338.8 108.7 -338.8 208.1 512.4 208.1 512.4 91.4 1367.8
D C 50.6 -354.5 50.6 -354.5 206.5 495.3 206.5 495.3 156.5 1345.3 156.5 1345.3
D C -3.1 -366.7 -3.1 -366.7 203.2 479.1 203.2 479.1 205.2 1333.8 205.2 1333.8
D C -91.5 -371.4 -91.5 -371.4 195.1 452.3 195.1 452.3 291.5 1302.8 291.5 1302.8
D C -116.0 -367.1 -116.0 -367.1 193.7 445.3 193.7 445.3 193.7 445.3 193.7 445.3
D C 190.1 433.3 190.1 433.3 190.1 433.3 190.1 433.3
D C 181.5 420.7 181.5 420.7 -535.6 1553.0 -535.6 1553.0
D C 192.8 395.8 192.8 395.8 -394.3 1589.8 -394.3 1589.8
D C 196.5 385.3 196.5 385.3 -341.6 1607.4 -341.6 1607.4
D C 198.9 351.7 198.9 351.7 -147.6 1640.9 -147.6 1640.9
D C 202.8 322.9 202.8 322.9
D C 187.6 307.0 187.6 307.0 79.0 1633.6 79.0 1633.6
D C 782.3 891.5 782.3 891.5 157.6 299.9 157.6 299.9 108.7 1625.6 108.7 1625.6
D C 781.8 869.3 781.8 869.3 143.7 297.3 143.7 297.3 135.8 1650.9 135.8 1650.9
D C 747.4 851.7 747.4 851.7 92.6 296.3 92.6 296.3 114.2 1633.3 114.2 1633.3
D C 772.4 792.7 772.4 792.7 76.2 286.4 76.2 286.4
D C 799.2 729.9 799.2 729.9 60.6 275.0 60.6 275.0
D C 803.3 672.7 803.3 672.7 40.6 269.7 40.6 269.7
D C 811.5 646.4 811.5 646.4 27.9 268.5 27.9 268.5 -369.7 1415.9 -369.7 1415.9
D C 820.0 567.2 820.0 567.2 479.8 1518.5 479.8 1518.5 0.6 265.4 0.6 265.4
D C 577.8 1472.4 577.8 1472.4 -28.2 267.3 -28.2 267.3
D C 821.3 456.1 821.3 456.1 604.4 1437.3 604.4 1437.3
D C 816.8 393.2 816.8 393.2 667.6 1392.1 667.6 1392.1
D C 804.9 337.0 804.9 337.0 715.7 1351.3 715.7 1351.3
D C 786.8 279.5 786.8 279.5 770.1 1296.0 770.1 1296.0 39.8 1480.6 39.8 1480.6
D C 766.9 207.8 766.9 207.8 837.3 1214.3 837.3 1214.3 120.8 1468.8 120.8 1468.8
D C 751.4 186.4 751.4 186.4 855.5 1200.9 855.5 1200.9 143.5 1468.2 143.5 1468.2 -129.3 815.8 -129.3 815.8
D C 729.3 131.7 729.3 131.7 906.3 1134.2 906.3 1134.2 215.0 1456.9 215.0 1456.9 -104.3 819.7 -104.3 819.7
D C 699.9 80.3 699.9 80.3 952.4 1078.7 952.4 1078.7 275.3 1435.4 275.3 1435.4 -79.6 827.5 -79.6 827.5
D C 674.7 35.7 674.7 35.7 970.6 1002.3 970.6 1002.3 330.7 1416.4 330.7 1416.4 -61.8 829.3 -61.8 829.3
D C 622.3 -26.3 622.3 -26.3 1018.9 913.5 1018.9 913.5 416.8 1377.7 416.8 1377.7 -31.4 835.4 -31.4 835.4
D C 605.1 -53.5 605.1 -53.5 1036.8 868.3 1036.8 868.3 454.6 1365.6 454.6 1365.6 -10.8 830.2 -10.8 830.2
D C 568.8 -91.1 568.8 -91.1 1045.1 796.4 1045.1 796.4 503.5 1332.5 503.5 1332.5 1.9 831.4 1.9 831.4
D C 529.0 -132.1 529.0 -132.1 1065.2 722.4 1065.2 722.4 561.8 1291.3 561.8 1291.3 32.5 829.3 32.5 829.3
D C 490.6 -163.3 490.6 -163.3 1079.2 657.0 1079.2 657.0 605.0 1251.7 605.0 1251.7 52.6 825.1 52.6 825.1
D C 424.9 -205.4 424.9 -205.4 1075.5 575.9 1075.5 575.9 639.1 1206.8 639.1 1206.8 57.1 816.3 57.1 816.3
D C 409.1 -204.0 409.1 -204.0 1054.5 585.6 1054.5 585.6 621.3 1208.8 621.3 1208.8 39.6 818.0 39.6 818.0
D C 379.9 -202.7 379.9 -202.7 1016.8 585.3 1016.8 585.3 589.6 1210.3 589.6 1210.3 6.9 816.9 6.9 816.9
D C 965.7 579.8 965.7 579.8 534.8 1208.9 534.8 1208.9 -41.1 823.2 -41.1 823.2
D C 314.8 -200.4 314.8 -200.4 947.0 576.5 947.0 576.5 517.7 1210.1 517.7 1210.1 -56.5 826.3 -56.5 826.3
D C 265.8 -199.4 265.8 -199.4 896.2 580.1 896.2 580.1 469.9 1209.7 469.9 1209.7 -105.6 829.9 -105.6 829.9
D C 873.6 580.8 873.6 580.8 455.4 1216.4 455.4 1216.4 -121.5 832.4 -121.5 832.4
D C 826.0 578.9 826.0 578.9 399.3 1211.9 399.3 1211.9 -169.0 833.2 -169.0 833.2
D C 790.6 576.1 790.6 576.1 374.5 1211.0 374.5 1211.0 -196.9 837.6 -196.9 837.6
D C 795.1 546.4 795.1 546.4 402.1 1195.5 402.1 1195.5 -176.6 843.9 -176.6 843.9
D C 804.5 486.4 804.5 486.4 461.5 1167.0 461.5 1167.0 -149.0 855.1 -149.0 855.1
D C 795.3 438.5 795.3 438.5 490.5 1137.0 490.5 1137.0 -129.5 868.5 -129.5 868.5
D C 788.6 353.2 788.6 353.2 556.6 1074.7 556.6 1074.7 -86.7 873.6 -86.7 873.6
D C 777.6 320.0 777.6 320.0 582.6 1052.7 582.6 1052.7 -70.6 875.0 -70.6 875.0
D C 764.5 263.6 764.5 263.6 615.3 1007.2 615.3 1007.2 -46.4 877.1 -46.4 877.1
D C 724.3 259.8 724.3 259.8 571.4 1010.4 571.4 1010.4 -87.9 886.1 -87.9 886.1
D C 704.5 257.6 704.5 257.6 557.7 1007.7 557.7 1007.7 -104.2 884.2 -104.2 884.2
D C 649.8 262.8 649.8 262.8 506.3 1015.5 506.3 1015.5 -157.0 884.6 -157.0 884.6
D C 635.0 261.3 635.0 261.3 490.1 1014.1 490.1 1014.1 -174.8 889.7 -174.8 889.7
D C 600.1 264.3 600.1 264.3 453.3 1016.3 453.3 1016.3 -208.8 888.5 -208.8 888.5
D C 550.8 265.1 550.8 265.1 404.8 1014.5 404.8 1014.5 -256.3 891.4 -256.3 891.4
D C 538.7 265.5 538.7 265.5 391.4 1017.0 391.4 1017.0 -270.0 897.6 -270.0 897.6
D C 489.1 267.7 489.1 267.7 339.2 1018.9 339.2 1018.9
D C 459.8 266.6 459.8 266.6 307.1 1015.0 307.1 1015.0
D C 438.5 266.9 438.5 266.9 294.5 1018.6 294.5 1018.6
D C 392.3 271.4 392.3 271.4 241.3 1019.3 241.3 1019.3
D C 373.5 272.1 373.5 272.1 222.2 1022.3 222.2 1022.3
D C 330.0 272.9 330.0 272.9 177.3 1026.5 177.3 1026.5
D C 313.0 273.8 313.0 273.8 157.9 1026.5 157.9 1026.5
D C 276.6 275.3 276.6 275.3 122.9 1028.5 122.9 1028.5
D C 237.8 272.7 237.8 272.7 90.8 1027.1 90.8 1027.1
D C 240.3 273.9 240.3 273.9 93.8 1024.6 93.8 1024.6
D C 241.6 275.3 241.6 275.3 93.8 1024.1 93.8 1024.1
D C 240.9 274.6 240.9 274.6 93.4 1019.9
D C 240.3 273.8 240.3 273.8 93.8 1025.0 93.8 1025.0
D C 240.2 273.8 240.2 273.8 93.9 1025.6 93.9 1025.6
D C 240.7 274.3 240.7 274.3 93.8 1024.9 93.8 1024.9
